----2 Fold----
0.829493087558
0.811059907834
average: 0.8202764976958525

----3 Fold----
0.826388888889
0.840277777778
0.819444444444
average: 0.8287037037037036

----4 Fold----
0.814814814815
0.805555555556
0.842592592593
0.861111111111
average: 0.8310185185185185

----5 Fold----
0.813953488372
0.813953488372
0.837209302326
0.813953488372
0.860465116279
average: 0.8279069767441861

----6 Fold----
0.819444444444
0.888888888889
0.847222222222
0.861111111111
0.875
0.791666666667
average: 0.8472222222222222

----7 Fold----
0.806451612903
0.870967741935
0.822580645161
0.806451612903
0.854838709677
0.790322580645
0.838709677419
average: 0.8271889400921658

----8 Fold----
0.925925925926
0.87037037037
0.814814814815
0.814814814815
0.796296296296
0.814814814815
0.87037037037
0.759259259259
average: 0.8333333333333334

----9 Fold----
0.895833333333
0.854166666667
0.875
0.9375
0.833333333333
0.75
0.791666666667
0.833333333333
0.854166666667
average: 0.8472222222222222

----10 Fold----
0.790697674419
0.790697674419
0.813953488372
0.883720930233
0.883720930233
0.906976744186
0.790697674419
0.813953488372
0.860465116279
0.883720930233
average: 0.841860465116279
