----2 Fold----
0.970046082949
0.951612903226
average: 0.9608294930875576

----3 Fold----
0.914746543779
0.958525345622
0.953917050691
average: 0.9423963133640553

----4 Fold----
0.937788018433
0.937788018433
0.940092165899
0.953917050691
average: 0.9423963133640553

----5 Fold----
0.958525345622
0.910138248848
0.910138248848
0.937788018433
0.910138248848
average: 0.9253456221198156

----6 Fold----
0.940092165899
0.882488479263
0.921658986175
0.900921658986
0.903225806452
0.951612903226
average: 0.9166666666666666

----7 Fold----
0.937788018433
0.942396313364
0.960829493088
0.933179723502
0.935483870968
0.914746543779
0.937788018433
average: 0.9374588545095458

----8 Fold----
0.956221198157
0.914746543779
0.907834101382
0.889400921659
0.956221198157
0.884792626728
0.940092165899
0.960829493088
average: 0.9262672811059908

----9 Fold----
0.947004608295
0.953917050691
0.907834101382
0.808755760369
0.937788018433
0.933179723502
0.912442396313
0.917050691244
0.914746543779
average: 0.9147465437788019

----10 Fold----
0.958525345622
0.956221198157
0.905529953917
0.89400921659
0.907834101382
0.930875576037
0.854838709677
0.933179723502
0.900921658986
0.956221198157
average: 0.919815668202765
